# Dataset VRP Menengah (1 Depot, 50 Pelanggan)
# Format baris pertama: JUMLAH_NODE KAPASITAS_KENDARAAN
# Format baris berikutnya: ID X Y DEMAND
# Node ID 0 adalah Depot (Demand = 0)
51 100
0 50.0 50.0 0
1 91.0 38.0 10
2 82.0 46.0 12
3 73.0 55.0 15
4 64.0 64.0 8
5 55.0 73.0 14
6 46.0 82.0 9
7 37.0 91.0 11
8 28.0 85.0 13
9 19.0 79.0 7
10 10.0 73.0 16
11 12.0 62.0 10
12 14.0 51.0 12
13 16.0 40.0 8
14 18.0 29.0 15
15 20.0 18.0 9
16 29.0 16.0 14
17 38.0 14.0 10
18 47.0 12.0 11
19 56.0 10.0 13
20 65.0 18.0 7
21 74.0 26.0 16
22 83.0 34.0 12
23 92.0 42.0 8
24 85.0 51.0 14
25 78.0 60.0 9
26 71.0 69.0 11
27 64.0 78.0 15
28 57.0 87.0 10
29 48.0 78.0 12
30 39.0 69.0 8
31 30.0 60.0 14
32 21.0 51.0 9
33 28.0 42.0 13
34 35.0 33.0 11
35 42.0 24.0 7
36 49.0 35.0 16
37 56.0 46.0 10
38 63.0 57.0 12
39 70.0 68.0 8
40 77.0 79.0 15
41 68.0 80.0 9
42 59.0 71.0 14
43 50.0 62.0 10
44 41.0 53.0 11
45 32.0 44.0 13
46 23.0 35.0 7
47 34.0 26.0 16
48 45.0 17.0 8
49 56.0 28.0 12
50 67.0 39.0 10
